jails:
  jail:
    world: 2c1fa41f-6d83-47b9-9aad-8af63a548133
    world-name: world
    x: -13.46920395131497
    y: 73.0
    z: 0.5449463990767318
    yaw: 270.37152099609375
    pitch: 0.1499919593334198
