spawns:
  default:
    world: 01cf1421-329a-422a-a272-58ae41bc5938
    world-name: world
    x: -240.14515109606796
    y: 63.0
    z: 328.3001033628377
    yaw: 355.8150329589844
    pitch: -7.37607479095459E-6
