world: 2c1fa41f-6d83-47b9-9aad-8af63a548133
world-name: world
x: 0.5815669259687368
y: 73.0
z: -15.350101530645063
yaw: 180.98394775390625
pitch: -0.44999226927757263
name: pspawn
lastowner: 106e3fd9-b482-3bcb-b696-8bdf133c4f4c
